t i
190.252	-113.35
190.715	-113.35
191.177	-113.35
191.64	-130.65
192.102	-93.58
192.565	-130.65
193.027	-61.46
193.49	-83.7
193.952	-150.41
194.415	-21.93
194.877	-76.29
195.339	-41.7
195.802	2.78
196.264	-16.99
196.726	81.85
197.188	10.19
197.65	17.6
198.112	49.73
198.574	148.56
199.036	104.09
199.498	168.33
199.96	165.86
200.421	158.44
200.883	232.57
201.345	254.81
201.807	331.41
202.268	264.69
202.73	316.58
203.191	254.81
203.653	333.88
204.114	264.69
204.576	373.41
205.037	346.23
205.498	333.88
205.96	417.89
206.421	363.53
206.882	388.24
207.343	440.12
207.804	427.77
208.265	400.59
208.726	333.88
209.187	351.17
209.648	452.48
210.109	435.18
210.57	467.3
211.031	358.59
211.492	393.18
211.952	388.24
212.413	370.94
212.874	405.53
213.334	380.82
213.795	472.25
214.255	454.95
214.716	412.94
215.176	346.23
215.636	393.18
216.097	398.12
216.557	445.07
217.017	398.12
217.477	366
217.938	348.7
218.398	425.3
218.858	440.12
219.318	405.53
219.778	420.36
220.238	375.88
220.698	356.11
221.157	348.7
221.617	445.07
222.077	393.18
222.537	425.3
222.996	405.53
223.456	326.46
223.915	430.24
224.375	403.06
224.834	430.24
225.294	375.88
225.753	405.53
226.213	368.47
226.672	323.99
227.131	408
227.59	351.17
228.05	390.71
228.509	351.17
228.968	378.35
229.427	400.59
229.886	427.77
230.345	388.24
230.804	422.83
231.263	277.05
231.721	363.53
232.18	445.07
232.639	351.17
233.098	403.06
233.556	356.11
234.015	309.17
234.473	366
234.932	457.42
235.39	358.59
235.849	405.53
236.307	385.77
236.765	425.3
237.224	450.01
237.682	385.77
238.14	331.41
238.598	395.65
239.056	316.58
239.514	412.94
239.972	435.18
240.43	403.06
240.888	410.47
241.346	400.59
241.804	408
242.262	375.88
242.72	408
243.177	393.18
243.635	403.06
244.093	405.53
244.55	454.95
245.008	420.36
245.465	403.06
245.923	432.71
246.38	410.47
246.837	410.47
247.295	388.24
247.752	432.71
248.209	427.77
248.666	447.54
249.123	432.71
249.58	410.47
250.037	452.48
250.494	425.3
250.951	420.36
251.408	417.89
251.865	408
252.322	368.47
252.779	474.72
253.235	427.77
253.692	454.95
254.149	361.06
254.605	425.3
255.062	420.36
255.518	454.95
255.975	445.07
256.431	422.83
256.887	380.82
257.344	427.77
257.8	370.94
258.256	346.23
258.712	323.99
259.168	403.06
259.625	405.53
260.081	457.42
260.537	425.3
260.992	422.83
261.448	398.12
261.904	430.24
262.36	395.65
262.816	351.17
263.272	363.53
263.727	410.47
264.183	447.54
264.638	390.71
265.094	378.35
265.549	368.47
266.005	314.11
266.46	430.24
266.916	348.7
267.371	469.77
267.826	479.66
268.281	408
268.737	437.65
269.192	440.12
269.647	353.64
270.102	348.7
270.557	395.65
271.012	454.95
271.467	403.06
271.921	398.12
272.376	375.88
272.831	415.42
273.286	430.24
273.74	417.89
274.195	405.53
274.649	430.24
275.104	385.77
275.558	452.48
276.013	370.94
276.467	375.88
276.922	393.18
277.376	380.82
277.83	383.29
278.284	412.94
278.739	385.77
279.193	452.48
279.647	398.12
280.101	422.83
280.555	398.12
281.009	395.65
281.462	427.77
281.916	459.89
282.37	442.6
282.824	415.42
283.278	346.23
283.731	361.06
284.185	393.18
284.638	442.6
285.092	341.29
285.545	375.88
285.999	442.6
286.452	412.94
286.905	452.48
287.359	353.64
287.812	395.65
288.265	403.06
288.718	427.77
289.171	343.76
289.624	408
290.077	435.18
290.53	467.3
290.983	420.36
291.436	378.35
291.889	435.18
292.342	474.72
292.794	410.47
293.247	398.12
293.7	430.24
294.152	405.53
294.605	415.42
295.057	452.48
295.51	474.72
295.962	531.55
296.414	459.89
296.867	415.42
297.319	501.9
297.771	445.07
298.223	373.41
298.675	408
299.128	385.77
299.58	427.77
300.032	430.24
300.483	408
300.935	395.65
301.387	400.59
301.839	370.94
302.291	457.42
302.742	435.18
303.194	430.24
303.646	437.65
304.097	398.12
304.549	400.59
305	469.77
305.451	353.64
305.903	375.88
306.354	400.59
306.805	482.13
307.257	442.6
307.708	467.3
308.159	395.65
308.61	546.37
309.061	462.36
309.512	427.77
309.963	366
310.414	430.24
310.865	440.12
311.315	383.29
311.766	375.88
312.217	420.36
312.668	417.89
313.118	462.36
313.569	412.94
314.019	380.82
314.47	403.06
314.92	454.95
315.37	477.19
315.821	506.84
316.271	442.6
316.721	501.9
317.171	405.53
317.622	366
318.072	366
318.522	467.3
318.972	398.12
319.422	410.47
319.872	430.24
320.321	420.36
320.771	504.37
321.221	385.77
321.671	378.35
322.12	482.13
322.57	457.42
323.019	395.65
323.469	430.24
323.918	504.37
324.368	403.06
324.817	484.6
325.267	445.07
325.716	398.12
326.165	435.18
326.614	358.59
327.063	479.66
327.512	445.07
327.961	405.53
328.41	420.36
328.859	400.59
329.308	427.77
329.757	405.53
330.206	474.72
330.655	467.3
331.103	408
331.552	435.18
332.001	484.6
332.449	410.47
332.898	400.59
333.346	400.59
333.794	450.01
334.243	405.53
334.691	487.07
335.139	442.6
335.588	427.77
336.036	393.18
336.484	450.01
336.932	366
337.38	383.29
337.828	529.08
338.276	492.01
338.724	457.42
339.172	390.71
339.619	388.24
340.067	408
340.515	432.71
340.962	440.12
341.41	472.25
341.858	440.12
342.305	435.18
342.753	417.89
343.2	437.65
343.647	383.29
344.095	427.77
344.542	435.18
344.989	499.43
345.436	469.77
345.883	417.89
346.33	459.89
346.777	430.24
347.224	442.6
347.671	432.71
348.118	375.88
348.565	378.35
349.012	442.6
349.458	457.42
349.905	343.76
350.352	410.47
350.798	445.07
351.245	408
351.691	450.01
352.138	358.59
352.584	398.12
353.03	425.3
353.477	464.83
353.923	472.25
354.369	450.01
354.815	390.71
355.261	415.42
355.707	440.12
356.153	422.83
356.599	422.83
357.045	437.65
357.491	509.31
357.937	496.95
358.382	457.42
358.828	412.94
359.274	430.24
359.719	457.42
360.165	469.77
360.61	499.43
361.056	477.19
361.501	472.25
361.947	469.77
362.392	511.78
362.837	487.07
363.282	440.12
363.727	487.07
364.173	447.54
364.618	447.54
365.063	474.72
365.508	353.64
365.952	410.47
366.397	395.65
366.842	445.07
367.287	390.71
367.732	417.89
368.176	492.01
368.621	450.01
369.065	375.88
369.51	452.48
369.954	459.89
370.399	412.94
370.843	482.13
371.287	420.36
371.732	412.94
372.176	408
372.62	417.89
373.064	343.76
373.508	427.77
373.952	442.6
374.396	395.65
374.84	361.06
375.284	457.42
375.728	484.6
376.172	373.41
376.615	425.3
377.059	353.64
377.503	430.24
377.946	395.65
378.39	462.36
378.833	410.47
379.277	412.94
379.72	373.41
380.163	405.53
380.607	432.71
381.05	442.6
381.493	412.94
381.936	378.35
382.379	425.3
382.822	373.41
383.265	393.18
383.708	467.3
384.151	435.18
384.594	435.18
385.037	437.65
385.479	442.6
385.922	440.12
386.365	370.94
386.807	405.53
387.25	410.47
387.692	452.48
388.135	541.43
388.577	403.06
389.019	405.53
389.461	432.71
389.904	467.3
390.346	412.94
390.788	383.29
391.23	445.07
391.672	417.89
392.114	454.95
392.556	403.06
392.998	378.35
393.44	440.12
393.881	425.3
394.323	405.53
394.765	432.71
395.206	563.67
395.648	447.54
396.09	395.65
396.531	385.77
396.972	432.71
397.414	410.47
397.855	474.72
398.296	361.06
398.738	395.65
399.179	452.48
399.62	427.77
400.061	415.42
400.502	432.71
400.943	459.89
401.384	437.65
401.825	415.42
402.265	425.3
402.706	442.6
403.147	408
403.588	454.95
404.028	410.47
404.469	420.36
404.909	472.25
405.35	400.59
405.79	415.42
406.23	403.06
406.671	417.89
407.111	328.94
407.551	412.94
407.991	380.82
408.431	427.77
408.871	425.3
409.311	464.83
409.751	403.06
410.191	442.6
410.631	375.88
411.071	499.43
411.511	395.65
411.95	388.24
412.39	388.24
412.83	440.12
413.269	442.6
413.709	479.66
414.148	435.18
414.587	445.07
415.027	492.01
415.466	467.3
415.905	403.06
416.345	425.3
416.784	489.54
417.223	452.48
417.662	504.37
418.101	492.01
418.54	454.95
418.979	566.14
419.417	427.77
419.856	405.53
420.295	501.9
420.734	489.54
421.172	514.25
421.611	440.12
422.049	474.72
422.488	526.61
422.926	536.49
423.364	425.3
423.803	536.49
424.241	484.6
424.679	548.84
425.117	469.77
425.555	474.72
425.994	484.6
426.432	494.48
426.87	511.78
427.307	531.55
427.745	598.26
428.183	662.5
428.621	598.26
429.058	576.02
429.496	580.96
429.934	595.79
430.371	632.85
430.809	669.92
431.246	657.56
431.684	664.97
432.121	687.21
432.558	672.39
432.995	729.22
433.433	709.45
433.87	835.46
434.307	753.93
434.744	761.34
435.181	798.4
435.618	951.6
436.055	1139.38
436.491	1087.49
436.928	1136.91
437.365	971.36
437.801	929.36
438.238	894.77
438.675	889.82
439.111	959.01
439.548	899.71
439.984	954.07
440.42	867.59
440.857	978.78
441.293	954.07
441.729	983.72
442.165	1020.78
442.601	1040.55
443.037	1082.55
443.473	1119.61
443.909	1050.43
444.345	1067.73
444.781	1171.5
445.217	1124.56
445.652	1171.5
446.088	1146.79
446.524	1201.15
446.959	1154.21
447.395	1253.04
447.83	1277.75
448.266	1299.99
448.701	1272.81
449.136	1297.52
449.572	1277.75
450.007	1225.86
450.442	1262.93
450.877	1292.58
451.312	1270.34
451.747	1250.57
452.182	1275.28
452.617	1351.88
453.052	1253.04
453.486	1223.39
453.921	1208.57
454.356	1196.21
454.79	1188.8
455.225	1238.22
455.66	1169.03
456.094	1201.15
456.528	1131.97
456.963	1196.21
457.397	1215.98
457.831	1211.04
458.265	1124.56
458.7	1114.67
459.134	988.66
459.568	1097.38
460.002	981.25
460.436	1050.43
460.87	1050.43
461.303	1033.13
461.737	988.66
462.171	983.72
462.605	894.77
463.038	978.78
463.472	991.13
463.905	998.54
464.339	1030.66
464.772	936.77
465.205	934.3
465.639	889.82
466.072	919.47
466.505	825.58
466.938	852.76
467.371	877.47
467.804	850.29
468.237	820.64
468.67	862.64
469.103	840.41
469.536	803.34
469.969	865.11
470.402	865.11
470.834	870.06
471.267	875
471.699	771.22
472.132	877.47
472.564	798.4
472.997	751.45
473.429	773.69
473.861	746.51
474.294	803.34
474.726	734.16
475.158	697.1
475.59	781.11
476.022	798.4
476.454	815.7
476.886	800.87
477.318	803.34
477.75	835.46
478.181	842.88
478.613	808.28
479.045	805.81
479.476	830.52
479.908	832.99
480.339	786.05
480.771	739.1
481.202	852.76
481.634	721.8
482.065	825.58
482.496	847.82
482.927	803.34
483.358	795.93
483.789	825.58
484.22	798.4
484.651	847.82
485.082	776.16
485.513	793.46
485.944	778.63
486.375	917
486.805	753.93
487.236	897.24
487.667	884.88
488.097	872.53
488.527	887.35
488.958	756.4
489.388	872.53
489.819	956.54
490.249	1057.84
490.679	986.19
491.109	912.06
491.539	993.6
491.969	931.83
492.399	963.95
492.829	966.42
493.259	1043.02
493.689	1040.55
494.119	1033.13
494.548	1045.49
494.978	1001.01
495.408	1025.72
495.837	1043.02
496.267	1124.56
496.696	1015.84
497.126	1112.2
497.555	1114.67
497.984	1114.67
498.413	1134.44
498.843	1233.28
499.272	1183.86
499.701	1238.22
500.13	1238.22
500.559	1307.4
500.988	1287.63
501.417	1287.63
501.845	1403.77
502.274	1329.64
502.703	1423.53
503.131	1492.72
503.56	1379.06
503.988	1428.47
504.417	1411.18
504.845	1477.89
505.274	1626.14
505.702	1544.61
506.13	1618.73
506.558	1618.73
506.987	1598.96
507.415	1579.2
507.843	1695.33
508.271	1766.98
508.699	1678.03
509.126	1850.99
509.554	1831.23
509.982	1811.46
510.41	1915.24
510.837	1846.05
511.265	1893
511.693	1868.29
512.12	1991.83
512.547	1895.47
512.975	2014.07
513.402	1949.83
513.829	1957.24
514.257	2112.91
514.684	2093.14
515.111	2107.96
515.538	2209.27
515.965	2179.62
516.392	2107.96
516.819	2221.62
517.246	2238.92
517.672	2300.69
518.099	2221.62
518.526	2322.93
518.952	2295.75
519.379	2513.19
519.805	2236.45
520.232	2315.52
520.658	2303.16
521.085	2313.05
521.511	2387.17
521.937	2545.31
522.363	2451.42
522.789	2451.42
523.215	2481.07
523.641	2626.85
524.067	2552.72
524.493	2574.96
524.919	2456.36
525.345	2525.54
525.771	2705.92
526.196	2624.38
526.622	2696.03
527.047	2621.91
527.473	2794.87
527.898	2691.09
528.324	2730.62
528.749	2681.21
529.174	2733.1
529.6	2864.05
530.025	2673.79
530.45	2782.51
530.875	2658.97
531.3	2770.16
531.725	2854.17
532.15	2829.46
532.575	2799.81
532.999	2767.69
533.424	2871.46
533.849	2691.09
534.273	2851.7
534.698	2906.06
535.122	2920.88
535.547	2923.35
535.971	2930.77
536.396	2878.88
536.82	2980.18
537.244	2957.95
537.668	2844.29
538.092	2977.71
538.517	3054.31
538.941	2967.83
539.364	2965.36
539.788	3012.3
540.212	3083.96
540.636	3083.96
541.06	2999.95
541.483	3148.2
541.907	3071.61
542.331	3024.66
542.754	3123.49
543.178	3012.3
543.601	3007.36
544.024	3155.62
544.448	3044.43
544.871	3187.74
545.294	3175.38
545.717	3627.55
546.14	4334.22
546.563	4675.2
546.986	4687.56
547.409	4220.56
547.832	3859.81
548.255	3906.76
548.677	3553.43
549.1	3518.83
549.522	3247.04
549.945	3239.63
550.368	3138.32
550.79	3254.45
551.212	3222.33
551.635	3264.33
552.057	3165.5
552.479	3111.14
552.901	3118.55
553.323	3227.27
553.745	3172.91
554.167	3271.75
554.589	3298.93
555.011	3150.67
555.433	3249.51
555.855	3138.32
556.277	3286.57
556.698	3116.08
557.12	3165.5
557.541	3190.21
557.963	3313.75
558.384	3195.15
558.806	3182.8
559.227	3286.57
559.648	3195.15
560.069	3212.45
560.49	3232.21
560.912	3291.51
561.333	3259.39
561.754	3182.8
562.174	3321.16
562.595	3331.05
563.016	3212.45
563.437	3244.57
563.858	3128.44
564.278	3153.14
564.699	3083.96
565.119	3256.92
565.54	3256.92
565.96	3185.27
566.38	3232.21
566.801	3177.85
567.221	3239.63
567.641	3219.86
568.061	3143.26
568.481	3232.21
568.901	3229.74
569.321	3200.09
569.741	3234.68
570.161	3335.99
570.581	3261.86
571.001	3368.11
571.42	3437.3
571.84	3340.93
572.259	3348.34
572.679	3167.97
573.098	3392.82
573.518	3348.34
573.937	3444.71
574.356	3486.71
574.775	3462
575.195	3316.22
575.614	3382.94
576.033	3387.88
576.452	3481.77
576.871	3617.67
577.29	3511.42
577.708	3499.07
578.127	3565.78
578.546	3568.25
578.964	3642.38
579.383	3672.03
579.801	3518.83
580.22	3452.12
580.638	3484.24
581.057	3486.71
581.475	3348.34
581.893	3385.41
582.311	3197.62
582.73	3437.3
583.148	3219.86
583.566	4904.99
583.984	3333.52
584.401	3279.16
584.819	3264.33
585.237	3224.8
585.655	3271.75
586.072	3167.97
586.49	3343.4
586.908	3177.85
587.325	3133.38
587.742	3167.97
588.16	3303.87
588.577	3296.46
588.994	3387.88
589.412	3518.83
589.829	3447.18
590.246	3676.97
590.663	3669.56
591.08	3555.9
591.497	3681.91
591.914	3684.38
592.33	3731.33
592.747	3716.5
593.164	3718.97
593.58	3852.4
593.997	3911.7
594.413	4148.91
594.83	4368.81
595.246	4586.25
595.663	5137.26
596.079	6031.71
596.495	6852.04
596.911	8302.45
597.327	9784.97
597.743	11665.31
598.159	13486.34
598.575	15650.83
598.991	17924.03
599.407	20182.41
599.823	22776.83
600.238	25240.29
600.654	28062.03
601.07	29732.34
601.485	31810.35
601.901	34219.45
602.316	35988.59
602.731	37740.44
603.147	39247.68
603.562	40426.28
603.977	41590.07
604.392	42617.95
604.807	43208.49
605.222	44737.96
605.637	45726.31
606.052	46432.98
606.467	46902.45
606.882	47537.46
607.296	48303.43
607.711	48837.14
608.125	49052.11
608.54	49588.29
608.954	49998.45
609.369	50490.16
609.783	50766.89
610.197	50465.45
610.612	50579.11
611.026	50067.64
611.44	50126.94
611.854	50532.16
612.268	49847.73
612.682	49059.52
613.096	48688.89
613.51	48150.24
613.923	47621.47
614.337	45526.17
614.751	44952.93
615.164	44317.91
615.578	42991.05
615.991	41782.79
616.405	41061.3
616.818	39198.26
617.231	37854.1
617.645	36784.22
618.058	35474.65
618.471	34170.03
618.884	33110.02
619.297	31933.89
619.71	30419.24
620.123	29369.12
620.536	28543.85
620.948	26720.34
621.361	26295.35
621.774	25339.13
622.186	24494.09
622.599	23102.98
623.011	22477.85
623.424	21672.35
623.836	20511.04
624.248	19752.48
624.661	18603.52
625.073	18116.76
625.485	17605.29
625.897	16980.16
626.309	15915.21
626.721	15206.07
627.133	14514.22
627.545	13842.15
627.956	13273.85
628.368	12428.81
628.78	12060.65
629.191	11388.57
629.603	10869.69
630.014	10382.92
630.426	9999.94
630.837	9399.51
631.248	8934.99
631.66	8547.06
632.071	8047.95
632.482	7504.35
632.893	7126.31
633.304	6958.29
633.715	6338.1
634.126	6093.48
634.536	5792.04
634.947	5520.24
635.358	5243.5
635.769	4853.11
636.179	4934.64
636.59	4536.83
637	4460.24
637.41	4178.56
637.821	4250.21
638.231	3849.93
638.641	3632.49
639.051	3508.95
639.462	3293.98
639.872	3103.73
640.282	2957.95
640.691	2804.75
641.101	2703.45
641.511	2456.36
641.921	2481.07
642.331	2495.89
642.74	2419.29
643.15	2374.82
643.559	2389.64
643.969	2313.05
644.378	2429.18
644.787	2290.81
645.197	2046.19
645.606	2117.85
646.015	2021.48
646.424	2019.01
646.833	1895.47
647.242	1878.17
647.651	1912.77
648.06	1766.98
648.469	1838.64
648.877	1939.95
649.286	1922.65
649.694	2098.08
650.103	2058.55
650.512	2016.54
650.92	2105.49
651.328	2142.56
651.737	2080.79
652.145	2051.13
652.553	1962.18
652.961	1937.47
653.369	2009.13
653.777	1944.89
654.185	1925.12
654.593	1989.36
655.001	1922.65
655.409	1972.07
655.816	1910.29
656.224	1999.25
656.631	2125.26
657.039	2172.21
657.446	2211.74
657.854	2194.45
658.261	2189.5
658.668	2219.15
659.076	2182.09
659.483	2275.98
659.89	2199.39
660.297	2048.66
660.704	2177.15
661.111	2058.55
661.518	1952.3
661.924	1939.95
662.331	1838.64
662.738	1893
663.144	1799.11
663.551	1717.57
663.957	1606.38
664.364	1497.66
664.77	1381.53
665.177	1413.65
665.583	1356.82
665.989	1267.87
666.395	1238.22
666.801	1164.09
667.207	1003.48
667.613	1112.2
668.019	1008.43
668.425	1028.19
668.83	1015.84
669.236	1010.9
669.642	887.35
670.047	919.47
670.453	988.66
670.858	926.89
671.264	954.07
671.669	887.35
672.074	924.42
672.48	978.78
672.885	887.35
673.29	912.06
673.695	1005.95
674.1	921.94
674.505	988.66
674.909	912.06
675.314	973.83
675.719	961.48
676.124	1047.96
676.528	998.54
676.933	1038.08
677.337	1080.08
677.742	1052.9
678.146	1013.37
678.55	1047.96
678.955	949.12
679.359	1043.02
679.763	1134.44
680.167	991.13
680.571	1117.14
680.975	1033.13
681.379	1030.66
681.782	1025.72
682.186	1117.14
682.59	1127.03
682.993	1010.9
683.397	1003.48
683.8	1070.2
684.204	1018.31
684.607	1033.13
685.011	1082.55
685.414	1080.08
685.817	1092.44
686.22	963.95
686.623	1070.2
687.026	1040.55
687.429	1112.2
687.832	1040.55
688.235	1015.84
688.638	1028.19
689.04	1052.9
689.443	961.48
689.845	1043.02
690.248	1065.26
690.65	1028.19
691.053	951.6
691.455	963.95
691.857	991.13
692.26	892.29
692.662	954.07
693.064	983.72
693.466	966.42
693.868	998.54
694.27	875
694.671	847.82
695.073	907.12
695.475	946.65
695.877	889.82
696.278	956.54
696.68	966.42
697.081	961.48
697.483	941.71
697.884	909.59
698.285	882.41
698.686	862.64
699.087	924.42
699.489	924.42
699.89	860.17
700.291	914.53
700.691	875
701.092	847.82
701.493	897.24
701.894	860.17
702.294	921.94
702.695	912.06
703.096	877.47
703.496	917
703.896	870.06
704.297	904.65
704.697	919.47
705.097	867.59
705.497	986.19
705.897	993.6
706.297	902.18
706.697	949.12
707.097	1045.49
707.497	996.07
707.897	1050.43
708.297	949.12
708.696	904.65
709.096	966.42
709.495	986.19
709.895	939.24
710.294	894.77
710.694	1010.9
711.093	941.71
711.492	991.13
711.891	1008.43
712.29	981.25
712.689	1043.02
713.088	983.72
713.487	988.66
713.886	1008.43
714.285	1033.13
714.684	961.48
715.082	1119.61
715.481	1047.96
715.879	1033.13
716.278	951.6
716.676	1052.9
717.075	939.24
717.473	963.95
717.871	1060.31
718.269	968.89
718.667	991.13
719.065	1052.9
719.463	1119.61
719.861	983.72
720.259	1087.49
720.657	1023.25
721.054	1025.72
721.452	1008.43
721.85	951.6
722.247	973.83
722.645	1030.66
723.042	956.54
723.439	934.3
723.837	914.53
724.234	951.6
724.631	968.89
725.028	946.65
725.425	921.94
725.822	921.94
726.219	1008.43
726.616	919.47
727.012	897.24
727.409	899.71
727.806	919.47
728.202	983.72
728.599	959.01
728.995	1020.78
729.392	919.47
729.788	1003.48
730.184	917
730.58	949.12
730.977	954.07
731.373	954.07
731.769	902.18
732.165	828.05
732.56	959.01
732.956	951.6
733.352	951.6
733.748	954.07
734.143	917
734.539	983.72
734.934	909.59
735.33	1013.37
735.725	981.25
736.12	1025.72
736.516	986.19
736.911	1023.25
737.306	926.89
737.701	993.6
738.096	1050.43
738.491	1040.55
738.886	1080.08
739.28	1035.61
739.675	986.19
740.07	1220.92
740.464	1181.39
740.859	1181.39
741.253	1149.27
741.648	1144.32
742.042	1149.27
742.437	1119.61
742.831	1139.38
743.225	1354.35
743.619	1208.57
744.013	1201.15
744.407	1354.35
744.801	1334.58
745.195	1339.52
745.588	1364.23
745.982	1361.76
746.376	1517.43
746.769	1482.83
747.163	1426
747.556	1453.18
747.95	1455.65
748.343	1554.49
748.736	1561.9
749.13	1576.73
749.523	1576.73
749.916	1739.8
750.309	1705.21
750.702	1759.57
751.095	1747.22
751.487	1860.88
751.88	1902.88
752.273	1994.3
752.665	2006.66
753.058	2073.37
753.45	2100.55
753.843	2172.21
754.235	2300.69
754.627	2402
755.02	2369.88
755.412	2567.55
755.804	2641.67
756.196	2651.56
756.588	2851.7
756.98	2962.89
757.372	3121.02
757.764	3291.51
758.155	3370.58
758.547	3546.01
758.938	3694.27
759.33	3679.44
759.721	3884.52
760.113	4319.4
760.504	4420.7
760.895	4425.64
761.287	4660.38
761.678	4917.35
762.069	5174.32
762.46	5297.86
762.851	5532.6
763.242	5745.09
763.632	5947.7
764.023	6105.84
764.414	6380.11
764.804	6555.54
765.195	6587.66
765.586	6960.76
765.976	7336.33
766.366	7346.22
766.757	7580.95
767.147	7855.22
767.537	8094.89
767.927	8198.67
768.317	8332.1
768.707	8638.49
769.097	8823.8
769.487	9162.31
769.877	9362.45
770.266	9379.75
770.656	9621.89
771.045	9925.81
771.435	10056.77
771.824	10200.08
772.214	10298.91
772.603	10642.36
772.992	10664.6
773.382	10499.05
773.771	10709.08
774.16	11059.94
774.549	11008.05
774.938	10872.16
775.327	10748.61
775.715	11200.78
776.104	10916.63
776.493	10696.72
776.881	10802.97
777.27	10662.13
777.658	10689.31
778.047	10296.44
778.435	10293.97
778.823	10071.59
779.212	9807.21
779.6	9574.95
779.988	9451.4
780.376	9471.17
780.764	9137.6
781.152	8900.4
781.539	8537.18
781.927	8396.34
782.315	7892.28
782.702	7558.71
783.09	7257.27
783.477	6891.58
783.865	6822.39
784.252	6476.47
784.64	6308.45
785.027	6068.78
785.414	5885.93
785.801	5717.91
786.188	5624.02
786.575	5930.41
786.962	5816.75
787.349	5824.16
787.736	6061.36
788.122	6251.62
788.509	6340.57
788.895	6491.3
789.282	6686.49
789.668	6918.76
790.055	7197.97
790.441	7578.48
790.827	7865.1
791.213	8211.02
791.6	8569.3
791.986	9083.24
792.372	9461.29
792.757	9990.05
793.143	10602.83
793.529	10946.28
793.915	11623.3
794.3	11751.79
794.686	12035.94
795.072	11853.09
795.457	12115.01
795.842	11885.21
796.228	11717.19
796.613	11591.18
796.998	11386.1
797.383	11517.05
797.768	11620.83
798.153	12001.35
798.538	12772.26
798.923	13219.49
799.308	13797.67
799.692	14462.34
800.077	14776.14
800.462	14410.45
800.846	14027.46
801.231	13550.58
801.615	12888.39
801.999	12058.18
802.384	11237.85
802.768	11059.94
803.152	10995.7
803.536	11134.07
803.92	11415.75
804.304	11766.61
804.688	12058.18
805.072	12263.26
805.455	12426.34
805.839	13204.66
806.223	13152.77
806.606	13229.37
806.99	13409.74
807.373	13239.25
807.756	13021.82
808.139	12816.73
808.523	12801.91
808.906	12727.78
809.289	12668.48
809.672	12292.91
810.055	12273.14
810.438	12013.7
810.82	12115.01
811.203	11778.97
811.586	11744.37
811.968	11487.4
812.351	11353.98
812.733	11314.44
813.116	11161.25
813.498	11079.71
813.88	11069.83
814.263	10869.69
814.645	11067.36
815.027	11188.43
815.409	10941.34
815.791	11045.12
816.172	10919.1
816.554	10968.52
816.936	10891.92
817.318	10867.21
817.699	11008.05
818.081	10973.46
818.462	10998.17
818.844	10896.86
819.225	10859.8
819.606	10602.83
819.987	10723.9
820.368	10548.47
820.749	10622.6
821.13	10528.7
821.511	10563.3
821.892	10516.35
822.273	10457.05
822.654	10578.12
823.034	10447.17
823.415	10612.71
823.795	10536.12
824.176	10442.22
824.556	10298.91
824.937	10121.01
825.317	10459.52
825.697	10244.55
826.077	10256.91
826.457	9878.86
826.837	9671.31
827.217	9552.71
827.597	9204.32
827.977	9416.81
828.356	8838.63
828.736	8631.07
829.116	8418.58
829.495	8178.9
829.874	8008.41
830.254	7818.16
830.633	7526.59
831.012	7267.15
831.392	6945.94
831.771	6889.11
832.15	6567.89
832.529	6614.84
832.908	6296.1
833.286	6333.16
833.665	5950.17
834.044	5715.44
834.422	5535.07
834.801	5544.95
835.179	5601.78
835.558	5401.64
835.936	5110.08
836.314	5065.6
836.693	5169.38
837.071	4850.64
837.449	4732.03
837.827	4606.02
838.205	4603.55
838.583	4428.12
838.961	4307.04
839.338	4158.79
839.716	4151.38
840.094	4124.2
840.471	4022.89
840.849	4035.25
841.226	3872.17
841.603	3938.88
841.981	3721.45
842.358	3938.88
842.735	3746.15
843.112	3743.68
843.489	3877.11
843.866	3798.04
844.243	3812.87
844.62	3652.26
844.996	3748.63
845.373	3815.34
845.749	3701.68
846.126	3654.73
846.502	3615.2
846.879	3588.02
847.255	3765.92
847.631	3644.85
848.008	3516.36
848.384	3521.3
848.76	3429.88
849.136	3286.57
849.512	3323.63
849.887	3392.82
850.263	3311.28
850.639	3167.97
851.014	3145.73
851.39	3326.11
851.765	3153.14
852.141	3167.97
852.516	3101.26
852.892	3014.78
853.267	3061.72
853.642	2886.29
854.017	2873.94
854.392	2938.18
854.767	2975.24
855.142	2957.95
855.517	2995.01
855.891	2893.7
856.266	2886.29
856.641	2940.65
857.015	3064.19
857.39	2940.65
857.764	2953
858.138	2960.42
858.513	2819.58
858.887	2906.06
859.261	2982.65
859.635	2977.71
860.009	2859.11
860.383	3004.89
860.757	2970.3
861.13	3012.3
861.504	3049.37
861.878	2955.47
862.251	2965.36
862.625	2957.95
862.998	2824.52
863.372	2859.11
863.745	2911
864.118	2995.01
864.491	2812.16
864.864	2928.29
865.237	2896.17
865.61	2938.18
865.983	2861.58
866.356	2967.83
866.729	2797.34
867.101	2945.59
867.474	2891.23
867.846	2903.59
868.219	2822.05
868.591	2965.36
868.964	2836.87
869.336	2799.81
869.708	2760.28
870.08	2849.23
870.452	2866.52
870.824	2738.04
871.196	2728.15
871.568	2673.79
871.94	2718.27
872.311	2747.92
872.683	2560.13
873.055	2560.13
873.426	2557.66
873.797	2500.83
874.169	2520.6
874.54	2565.08
874.911	2426.71
875.282	2394.59
875.654	2303.16
876.025	2362.46
876.395	2463.77
876.766	2364.94
877.137	2392.12
877.508	2332.81
877.878	2377.29
878.249	2367.41
878.62	2327.87
878.99	2298.22
879.36	2426.71
879.731	2374.82
880.101	2359.99
880.471	2290.81
880.841	2246.33
881.211	2320.46
881.581	2204.33
881.951	2261.16
882.321	2172.21
882.691	2189.5
883.06	2335.29
883.43	2159.85
883.799	2127.73
884.169	2157.38
884.538	2251.28
884.908	2120.32
885.277	2053.61
885.646	2031.37
886.015	2085.73
886.384	2058.55
886.753	1910.29
887.122	1895.47
887.491	1836.17
887.86	1838.64
888.228	1932.53
888.597	1833.7
888.966	1786.75
889.334	1707.68
889.703	1789.22
890.071	1771.93
890.439	1569.31
890.807	1663.21
891.176	1574.26
891.544	1645.91
891.912	1571.78
892.28	1529.78
892.647	1507.54
893.015	1482.83
893.383	1435.89
893.751	1428.47
894.118	1416.12
894.486	1376.59
894.853	1235.75
895.22	1275.28
895.588	1297.52
895.955	1191.27
896.322	1220.92
896.689	1230.8
897.056	1186.33
897.423	1171.5
897.79	1159.15
898.157	1060.31
898.523	1114.67
898.89	1062.78
899.257	1104.79
899.623	1003.48
899.99	904.65
900.356	951.6
900.722	956.54
901.089	976.3
901.455	951.6
901.821	926.89
902.187	875
902.553	897.24
902.919	852.76
903.285	904.65
903.65	837.94
904.016	803.34
904.382	783.58
904.747	820.64
905.113	783.58
905.478	748.98
905.843	682.27
906.208	766.28
906.574	716.86
906.939	662.5
907.304	655.09
907.669	627.91
908.034	590.85
908.398	674.86
908.763	519.19
909.128	548.84
909.492	640.27
909.857	650.15
910.221	548.84
910.586	585.91
910.95	546.37
911.314	600.73
911.679	531.55
912.043	580.96
912.407	593.32
912.771	563.67
913.135	541.43
913.498	576.02
913.862	472.25
914.226	514.25
914.589	529.08
914.953	541.43
915.316	563.67
915.68	511.78
916.043	494.48
916.406	561.2
916.77	422.83
917.133	410.47
917.496	526.61
917.859	499.43
918.222	590.85
918.584	536.49
918.947	506.84
919.31	529.08
919.673	467.3
920.035	447.54
920.398	464.83
920.76	474.72
921.122	472.25
921.485	459.89
921.847	494.48
922.209	415.42
922.571	435.18
922.933	422.83
923.295	452.48
923.657	469.77
924.018	454.95
924.38	395.65
924.742	403.06
925.103	398.12
925.465	398.12
925.826	361.06
926.187	420.36
926.549	373.41
926.91	454.95
927.271	380.82
927.632	422.83
927.993	452.48
928.354	398.12
928.715	430.24
929.075	427.77
929.436	388.24
929.797	393.18
930.157	366
930.518	398.12
930.878	395.65
931.238	435.18
931.598	477.19
931.959	445.07
932.319	435.18
932.679	450.01
933.039	370.94
933.399	420.36
933.758	489.54
934.118	445.07
934.478	388.24
934.837	378.35
935.197	432.71
935.556	383.29
935.916	366
936.275	385.77
936.634	499.43
936.993	368.47
937.353	363.53
937.712	410.47
938.07	400.59
938.429	452.48
938.788	405.53
939.147	492.01
939.506	373.41
939.864	363.53
940.223	432.71
940.581	356.11
940.939	408
941.298	378.35
941.656	472.25
942.014	437.65
942.372	385.77
942.73	375.88
943.088	395.65
943.446	348.7
943.804	420.36
944.161	346.23
944.519	400.59
944.877	440.12
945.234	395.65
945.592	323.99
945.949	375.88
946.306	442.6
946.663	417.89
947.021	499.43
947.378	422.83
947.735	445.07
948.091	422.83
948.448	395.65
948.805	408
949.162	388.24
949.518	405.53
949.875	403.06
950.231	410.47
950.588	405.53
950.944	361.06
951.3	351.17
951.657	378.35
952.013	492.01
952.369	445.07
952.725	373.41
953.081	403.06
953.436	380.82
953.792	427.77
954.148	356.11
954.503	398.12
954.859	437.65
955.214	373.41
955.57	469.77
955.925	400.59
956.28	375.88
956.635	459.89
956.991	427.77
957.346	403.06
957.701	398.12
958.055	435.18
958.41	393.18
958.765	390.71
959.12	403.06
959.474	390.71
959.829	370.94
960.183	408
960.537	398.12
960.892	412.94
961.246	348.7
961.6	388.24
961.954	385.77
962.308	425.3
962.662	353.64
963.016	425.3
963.37	425.3
963.723	405.53
964.077	366
964.43	422.83
964.784	356.11
965.137	435.18
965.491	425.3
965.844	380.82
966.197	363.53
966.55	405.53
966.903	366
967.256	450.01
967.609	333.88
967.962	427.77
968.315	385.77
968.667	420.36
969.02	353.64
969.372	412.94
969.725	366
970.077	390.71
970.429	437.65
970.782	403.06
971.134	521.66
971.486	366
971.838	412.94
972.19	405.53
972.542	353.64
972.893	422.83
973.245	435.18
973.597	368.47
973.948	326.46
974.3	403.06
974.651	398.12
975.003	361.06
975.354	356.11
975.705	370.94
976.056	467.3
976.407	410.47
976.758	348.7
977.109	445.07
977.46	358.59
977.811	301.76
978.161	447.54
978.512	405.53
978.862	341.29
979.213	479.66
979.563	383.29
979.913	405.53
980.264	326.46
980.614	383.29
980.964	412.94
981.314	358.59
981.664	425.3
982.014	415.42
982.363	482.13
982.713	408
983.063	316.58
983.412	395.65
983.762	375.88
984.111	348.7
984.461	356.11
984.81	400.59
985.159	316.58
985.508	395.65
985.857	351.17
986.206	390.71
986.555	452.48
986.904	375.88
987.253	385.77
987.601	328.94
987.95	368.47
988.298	432.71
988.647	415.42
988.995	361.06
989.343	366
989.692	375.88
990.04	368.47
990.388	469.77
990.736	412.94
991.084	405.53
991.432	301.76
991.779	370.94
992.127	403.06
992.475	427.77
992.822	390.71
993.17	373.41
993.517	403.06
993.864	437.65
994.212	375.88
994.559	378.35
994.906	368.47
995.253	447.54
995.6	420.36
995.947	326.46
996.293	440.12
996.64	375.88
996.987	395.65
997.333	383.29
997.68	356.11
998.026	398.12
998.373	454.95
998.719	400.59
999.065	373.41
999.411	361.06
999.757	415.42
1000.103	445.07
1000.449	432.71
1000.795	373.41
1001.141	457.42
1001.486	425.3
1001.832	385.77
1002.177	408
1002.523	442.6
1002.868	361.06
1003.213	385.77
1003.559	400.59
1003.904	326.46
1004.249	368.47
1004.594	422.83
1004.939	390.71
1005.283	422.83
1005.628	430.24
1005.973	415.42
1006.318	378.35
1006.662	417.89
1007.007	328.94
1007.351	437.65
1007.695	405.53
1008.039	459.89
1008.384	425.3
1008.728	440.12
1009.072	395.65
1009.416	445.07
1009.759	422.83
1010.103	385.77
1010.447	328.94
1010.791	420.36
1011.134	410.47
1011.478	388.24
1011.821	400.59
1012.164	390.71
1012.508	368.47
1012.851	358.59
1013.194	341.29
1013.537	309.17
1013.88	368.47
1014.223	346.23
1014.565	370.94
1014.908	343.76
1015.251	390.71
1015.593	336.35
1015.936	420.36
1016.278	348.7
1016.621	358.59
1016.963	363.53
1017.305	331.41
1017.647	403.06
1017.989	370.94
1018.331	440.12
1018.673	447.54
1019.015	343.76
1019.356	333.88
1019.698	333.88
1020.04	422.83
1020.381	366
1020.723	363.53
1021.064	373.41
1021.405	373.41
1021.746	417.89
1022.088	435.18
1022.429	427.77
1022.77	368.47
1023.11	398.12
1023.451	410.47
1023.792	410.47
1024.133	410.47
